Numero de vertices 15 (matriz de custo abaixo)



0 4 - 9 - - 3 9 2 - 3 6 1 - 1 

4 0 8 - - 3 5 8 4 4 2 9 3 - - 

- 8 0 4 - 1 5 1 5 1 1 4 - 9 6 

9 - 4 0 1 5 4 - 2 8 - 1 1 7 - 

- - - 1 0 6 3 4 4 - 3 7 6 1 4 

- 3 1 5 6 0 4 1 5 - 1 1 2 3 8 

3 5 5 4 3 4 0 1 - - 6 2 6 - 1 

9 8 1 - 4 1 1 0 7 - 1 7 3 8 1 

2 4 5 2 4 5 - 7 0 3 8 1 3 8 6 

- 4 1 8 - - - - 3 0 2 - - 1 4 

3 2 1 - 3 1 6 1 8 2 0 4 - - 3 

6 9 4 1 7 1 2 7 1 - 4 0 1 2 9 

1 3 - 1 6 2 6 3 3 - - 1 0 2 2 

- - 9 7 1 3 - 8 8 1 - 2 2 0 8 

1 - 6 - 4 8 1 1 6 4 3 9 2 8 0 



Solucao do carteiro chines 328
